{
"1":	{"2"	:[[0.0555	,0.2550	,0.3780	,0.2565	,0.0550	]],
"3"	:[[0.3610	,0.2345	,0.1760	,0.1375	,0.0910	],	[0.2445	,0.2280	,0.1975	,0.1915	,0.1385	],	[0.1730	,0.2150	,0.2130	,0.2195	,0.1795	],	[0.1395	,0.1830	,0.2190	,0.2200	,0.2385	],	[0.0820	,0.1395	,0.1945	,0.2315	,0.3525	]],
"4"	:[[0.4325	,0.2665	,0.1655	,0.0970	,0.0385	],	[0.2565	,0.2550	,0.2220	,0.1635	,0.1030	],	[0.1645	,0.2115	,0.2280	,0.2280	,0.1680	],	[0.1015	,0.1710	,0.2045	,0.2580	,0.2650	],	[0.0450	,0.0960	,0.1800	,0.2535	,0.4255	]],
"5"	:[[0.4365	,0.2485	,0.1745	,0.0975	,0.0430	],	[0.2370	,0.2645	,0.2150	,0.1775	,0.1060	],	[0.1835	,0.2075	,0.2200	,0.2220	,0.1670	],	[0.1005	,0.1790	,0.2180	,0.2485	,0.2540	],	[0.0425	,0.1005	,0.1725	,0.2545	,0.4300	]],
"6"	:[[0.4315	,0.2650	,0.1600	,0.0940	,0.0495	],	[0.2510	,0.2420	,0.2245	,0.1760	,0.1065	],	[0.1750	,0.2095	,0.2280	,0.2195	,0.1680	],	[0.1000	,0.1820	,0.2165	,0.2485	,0.2530	],	[0.0425	,0.1015	,0.1710	,0.2620	,0.4230	]],
"7"	:[[0.4320	,0.2510	,0.1640	,0.1070	,0.0460	],	[0.2465	,0.2345	,0.2215	,0.1845	,0.1130	],	[0.1690	,0.2165	,0.2325	,0.2145	,0.1675	],	[0.1125	,0.1805	,0.2190	,0.2445	,0.2435	],	[0.0400	,0.1175	,0.1630	,0.2495	,0.4300	]],
"8"	:[[0.4315	,0.2565	,0.1685	,0.0890	,0.0545	],	[0.2625	,0.2570	,0.2085	,0.1705	,0.1015	],	[0.1685	,0.2130	,0.2260	,0.2275	,0.1650	],	[0.0950	,0.1685	,0.2185	,0.2545	,0.2635	],	[0.0425	,0.1050	,0.1785	,0.2585	,0.4155	]],
"9"	:[[0.4315	,0.2495	,0.1700	,0.1095	,0.0395	],	[0.2510	,0.2575	,0.2160	,0.1760	,0.0995	],	[0.1760	,0.2075	,0.2410	,0.2100	,0.1655	],	[0.1005	,0.1765	,0.2110	,0.2565	,0.2555	],	[0.0410	,0.1090	,0.1620	,0.2480	,0.4400	]],
"10"	:[[0.4330	,0.2575	,0.1725	,0.0910	,0.0460	],	[0.2615	,0.2375	,0.2245	,0.1760	,0.1005	],	[0.1615	,0.2195	,0.2295	,0.2220	,0.1675	],	[0.0975	,0.1720	,0.2075	,0.2675	,0.2555	],	[0.0465	,0.1135	,0.1660	,0.2435	,0.4305	]],
"11"	:[[0.4330	,0.2605	,0.1655	,0.1005	,0.0405	],	[0.2620	,0.2480	,0.2180	,0.1635	,0.1085	],	[0.1570	,0.2270	,0.2305	,0.2230	,0.1625	],	[0.1025	,0.1665	,0.2155	,0.2550	,0.2605	],	[0.0455	,0.0980	,0.1705	,0.2580	,0.4280	]],
"12"	:[[0.4365	,0.2420	,0.1740	,0.1060	,0.0415	],	[0.2460	,0.2360	,0.2360	,0.1850	,0.0970	],	[0.1725	,0.2200	,0.2255	,0.2200	,0.1620	],	[0.1035	,0.1855	,0.2185	,0.2345	,0.2580	],	[0.0415	,0.1165	,0.1460	,0.2545	,0.4415	]],
"13"	:[[0.4165	,0.2520	,0.1780	,0.1110	,0.0425	],	[0.2680	,0.2330	,0.2215	,0.1635	,0.1140	],	[0.1675	,0.2220	,0.2090	,0.2245	,0.1770	],	[0.1005	,0.1930	,0.2200	,0.2310	,0.2555	],	[0.0475	,0.1000	,0.1715	,0.2700	,0.4110	]],
"14"	:[[0.4285	,0.2495	,0.1620	,0.1125	,0.0475	],	[0.2625	,0.2540	,0.2125	,0.1665	,0.1045	],	[0.1525	,0.2205	,0.2385	,0.2090	,0.1795	],	[0.1095	,0.1860	,0.2155	,0.2505	,0.2385	],	[0.0470	,0.0900	,0.1715	,0.2615	,0.4300	]],
"15"	:[[0.4485	,0.2360	,0.1730	,0.0990	,0.0435	],	[0.2320	,0.2605	,0.2190	,0.1810	,0.1075	],	[0.1670	,0.2215	,0.2145	,0.2340	,0.1630	],	[0.1070	,0.1790	,0.2135	,0.2470	,0.2535	],	[0.0455	,0.1030	,0.1800	,0.2390	,0.4325	]],
"16"	:[[0.4245	,0.2520	,0.1730	,0.1140	,0.0365	],	[0.2575	,0.2675	,0.2020	,0.1725	,0.1005	],	[0.1700	,0.2130	,0.2190	,0.2225	,0.1755	],	[0.1025	,0.1775	,0.2255	,0.2370	,0.2575	],	[0.0455	,0.0900	,0.1805	,0.2540	,0.4300	]],
"17"	:[[0.4220	,0.2660	,0.1710	,0.1045	,0.0365	],	[0.2640	,0.2410	,0.2200	,0.1855	,0.0895	],	[0.1805	,0.2240	,0.2130	,0.2135	,0.1690	],	[0.0950	,0.1715	,0.2215	,0.2480	,0.2640	],	[0.0385	,0.0975	,0.1745	,0.2485	,0.4410	]],
"18"	:[[0.4355	,0.2485	,0.1745	,0.1085	,0.0330	],	[0.2385	,0.2615	,0.2180	,0.1760	,0.1060	],	[0.1800	,0.2145	,0.2220	,0.2195	,0.1640	],	[0.1025	,0.1665	,0.2140	,0.2470	,0.2700	],	[0.0435	,0.1090	,0.1715	,0.2490	,0.4270	]],
"19"	:[[0.4525	,0.2450	,0.1560	,0.1010	,0.0455	],	[0.2500	,0.2615	,0.2165	,0.1665	,0.1055	],	[0.1530	,0.2220	,0.2225	,0.2430	,0.1595	],	[0.1020	,0.1755	,0.2290	,0.2310	,0.2625	],	[0.0425	,0.0960	,0.1760	,0.2585	,0.4270	]],
"20"	:[[0.4280	,0.2435	,0.1675	,0.1080	,0.0530	],	[0.2520	,0.2555	,0.2140	,0.1750	,0.1035	],	[0.1695	,0.2135	,0.2255	,0.2250	,0.1665	],	[0.0985	,0.1740	,0.2165	,0.2530	,0.2580	],	[0.0520	,0.1135	,0.1765	,0.2390	,0.4190	]],
"21"	:[[0.4505	,0.2365	,0.1735	,0.0955	,0.0440	],	[0.2470	,0.2635	,0.2185	,0.1660	,0.1050	],	[0.1720	,0.2275	,0.2280	,0.2115	,0.1610	],	[0.0885	,0.1825	,0.2225	,0.2525	,0.2540	],	[0.0420	,0.0900	,0.1575	,0.2745	,0.4360	]],
"22"	:[[0.4265	,0.2495	,0.1600	,0.1170	,0.0470	],	[0.2525	,0.2440	,0.2315	,0.1750	,0.0970	],	[0.1640	,0.2110	,0.2370	,0.2040	,0.1840	],	[0.1140	,0.1910	,0.2085	,0.2420	,0.2445	],	[0.0430	,0.1045	,0.1630	,0.2620	,0.4275	]],
"23"	:[[0.4415	,0.2460	,0.1600	,0.1120	,0.0405	],	[0.2595	,0.2470	,0.2270	,0.1625	,0.1040	],	[0.1555	,0.2200	,0.2400	,0.2090	,0.1755	],	[0.1015	,0.1825	,0.2045	,0.2565	,0.2550	],	[0.0420	,0.1045	,0.1685	,0.2600	,0.4250	]],
"24"	:[[0.4330	,0.2595	,0.1615	,0.0985	,0.0475	],	[0.2520	,0.2495	,0.2200	,0.1815	,0.0970	],	[0.1690	,0.2165	,0.2175	,0.2230	,0.1740	],	[0.0975	,0.1705	,0.2355	,0.2445	,0.2520	],	[0.0485	,0.1040	,0.1655	,0.2525	,0.4295	]]
},
"2":	{"2"	:[[0.0545	,0.2620	,0.3810	,0.2540	,0.0485	]],
"3"	:[[0.3400	,0.2475	,0.1755	,0.1445	,0.0925	],	[0.2480	,0.2170	,0.2245	,0.1750	,0.1355	],	[0.1840	,0.2065	,0.2115	,0.2155	,0.1825	],	[0.1365	,0.1915	,0.1985	,0.2215	,0.2520	],	[0.0915	,0.1375	,0.1900	,0.2435	,0.3375	]],
"4"	:[[0.4320	,0.2565	,0.1760	,0.0935	,0.0420	],	[0.2585	,0.2545	,0.2020	,0.1805	,0.1045	],	[0.1655	,0.2245	,0.2210	,0.2215	,0.1675	],	[0.1015	,0.1670	,0.2245	,0.2440	,0.2630	],	[0.0425	,0.0975	,0.1765	,0.2605	,0.4230	]],
"5"	:[[0.4395	,0.2555	,0.1615	,0.0990	,0.0445	],	[0.2335	,0.2605	,0.2155	,0.1815	,0.1090	],	[0.1735	,0.2075	,0.2260	,0.2285	,0.1645	],	[0.1110	,0.1750	,0.2230	,0.2355	,0.2555	],	[0.0425	,0.1015	,0.1740	,0.2555	,0.4265	]],
"6"	:[[0.4385	,0.2450	,0.1800	,0.0940	,0.0425	],	[0.2510	,0.2480	,0.2065	,0.1840	,0.1105	],	[0.1715	,0.2240	,0.2230	,0.2145	,0.1670	],	[0.1055	,0.1795	,0.2180	,0.2470	,0.2500	],	[0.0335	,0.1035	,0.1725	,0.2605	,0.4300	]],
"7"	:[[0.4255	,0.2535	,0.1600	,0.1115	,0.0495	],	[0.2440	,0.2515	,0.2115	,0.1925	,0.1005	],	[0.1755	,0.2205	,0.2180	,0.2085	,0.1775	],	[0.1130	,0.1675	,0.2310	,0.2390	,0.2495	],	[0.0420	,0.1070	,0.1795	,0.2485	,0.4230	]],
"8"	:[[0.4315	,0.2600	,0.1630	,0.1000	,0.0455	],	[0.2625	,0.2475	,0.2115	,0.1770	,0.1015	],	[0.1675	,0.2270	,0.2295	,0.2105	,0.1655	],	[0.1010	,0.1585	,0.2235	,0.2530	,0.2640	],	[0.0375	,0.1070	,0.1725	,0.2595	,0.4235	]],
"9"	:[[0.4185	,0.2500	,0.1845	,0.1020	,0.0450	],	[0.2540	,0.2560	,0.2115	,0.1810	,0.0975	],	[0.1790	,0.2200	,0.2210	,0.2000	,0.1800	],	[0.1005	,0.1685	,0.2245	,0.2560	,0.2505	],	[0.0480	,0.1055	,0.1585	,0.2610	,0.4270	]],
"10"	:[[0.4415	,0.2440	,0.1770	,0.0970	,0.0405	],	[0.2565	,0.2565	,0.2190	,0.1715	,0.0965	],	[0.1585	,0.2255	,0.2320	,0.2170	,0.1670	],	[0.1015	,0.1710	,0.2155	,0.2540	,0.2580	],	[0.0420	,0.1030	,0.1565	,0.2605	,0.4380	]],
"11"	:[[0.4400	,0.2640	,0.1560	,0.0930	,0.0470	],	[0.2490	,0.2400	,0.2130	,0.1920	,0.1060	],	[0.1700	,0.2175	,0.2310	,0.2105	,0.1710	],	[0.0955	,0.1670	,0.2315	,0.2535	,0.2525	],	[0.0455	,0.1115	,0.1685	,0.2510	,0.4235	]],
"12"	:[[0.4395	,0.2435	,0.1695	,0.1050	,0.0425	],	[0.2445	,0.2495	,0.2325	,0.1725	,0.1010	],	[0.1690	,0.2250	,0.2175	,0.2250	,0.1635	],	[0.1050	,0.1835	,0.2205	,0.2485	,0.2425	],	[0.0420	,0.0985	,0.1600	,0.2490	,0.4505	]],
"13"	:[[0.4090	,0.2605	,0.1755	,0.1065	,0.0485	],	[0.2510	,0.2480	,0.2265	,0.1655	,0.1090	],	[0.1865	,0.2100	,0.2140	,0.2165	,0.1730	],	[0.1045	,0.1895	,0.2065	,0.2570	,0.2425	],	[0.0490	,0.0920	,0.1775	,0.2545	,0.4270	]],
"14"	:[[0.4495	,0.2520	,0.1595	,0.0965	,0.0425	],	[0.2565	,0.2525	,0.2235	,0.1750	,0.0925	],	[0.1495	,0.2260	,0.2275	,0.2170	,0.1800	],	[0.1035	,0.1650	,0.2260	,0.2475	,0.2580	],	[0.0410	,0.1045	,0.1635	,0.2640	,0.4270	]],
"15"	:[[0.4270	,0.2460	,0.1625	,0.1170	,0.0475	],	[0.2495	,0.2585	,0.2185	,0.1670	,0.1065	],	[0.1750	,0.2070	,0.2220	,0.2225	,0.1735	],	[0.1010	,0.1835	,0.2265	,0.2315	,0.2575	],	[0.0475	,0.1050	,0.1705	,0.2620	,0.4150	]],
"16"	:[[0.4305	,0.2640	,0.1555	,0.1040	,0.0460	],	[0.2530	,0.2605	,0.2040	,0.1775	,0.1050	],	[0.1660	,0.2105	,0.2390	,0.2140	,0.1705	],	[0.0995	,0.1585	,0.2370	,0.2595	,0.2455	],	[0.0510	,0.1065	,0.1645	,0.2450	,0.4330	]],
"17"	:[[0.4315	,0.2570	,0.1775	,0.0955	,0.0385	],	[0.2585	,0.2455	,0.2175	,0.1680	,0.1105	],	[0.1725	,0.2190	,0.2345	,0.2150	,0.1590	],	[0.0980	,0.1675	,0.2105	,0.2615	,0.2625	],	[0.0395	,0.1110	,0.1600	,0.2600	,0.4295	]],
"18"	:[[0.4350	,0.2400	,0.1845	,0.1010	,0.0395	],	[0.2565	,0.2600	,0.2090	,0.1690	,0.1055	],	[0.1645	,0.2150	,0.2285	,0.2265	,0.1655	],	[0.1025	,0.1755	,0.2095	,0.2395	,0.2730	],	[0.0415	,0.1095	,0.1685	,0.2640	,0.4165	]],
"19"	:[[0.4310	,0.2560	,0.1675	,0.1080	,0.0375	],	[0.2495	,0.2555	,0.2145	,0.1790	,0.1015	],	[0.1670	,0.2250	,0.2320	,0.2005	,0.1755	],	[0.1090	,0.1690	,0.2215	,0.2460	,0.2545	],	[0.0435	,0.0945	,0.1645	,0.2665	,0.4310	]],
"20"	:[[0.4260	,0.2635	,0.1600	,0.0985	,0.0520	],	[0.2425	,0.2615	,0.2145	,0.1740	,0.1075	],	[0.1740	,0.2120	,0.2325	,0.2190	,0.1625	],	[0.1085	,0.1545	,0.2315	,0.2465	,0.2590	],	[0.0490	,0.1085	,0.1615	,0.2620	,0.4190	]],
"21"	:[[0.4380	,0.2590	,0.1580	,0.0970	,0.0480	],	[0.2565	,0.2550	,0.2120	,0.1710	,0.1055	],	[0.1695	,0.2120	,0.2340	,0.2125	,0.1720	],	[0.0990	,0.1755	,0.2250	,0.2570	,0.2435	],	[0.0370	,0.0985	,0.1710	,0.2625	,0.4310	]],
"22"	:[[0.4255	,0.2565	,0.1665	,0.1020	,0.0495	],	[0.2540	,0.2525	,0.2225	,0.1620	,0.1090	],	[0.1695	,0.2195	,0.2280	,0.2180	,0.1650	],	[0.1050	,0.1800	,0.2200	,0.2490	,0.2460	],	[0.0460	,0.0915	,0.1630	,0.2690	,0.4305	]],
"23"	:[[0.4420	,0.2620	,0.1505	,0.0980	,0.0475	],	[0.2485	,0.2515	,0.2195	,0.1720	,0.1085	],	[0.1615	,0.2195	,0.2330	,0.2255	,0.1605	],	[0.1030	,0.1740	,0.2290	,0.2450	,0.2490	],	[0.0450	,0.0930	,0.1680	,0.2595	,0.4345	]],
"24"	:[[0.4375	,0.2490	,0.1640	,0.1050	,0.0445	],	[0.2405	,0.2595	,0.2195	,0.1695	,0.1110	],	[0.1700	,0.2075	,0.2385	,0.2170	,0.1670	],	[0.1065	,0.1780	,0.2200	,0.2440	,0.2515	],	[0.0455	,0.1060	,0.1580	,0.2645	,0.4260	]]
},
"3":	{"2"	:[[0.0550	,0.2825	,0.3590	,0.2500	,0.0535	]],
"3"	:[[0.3510	,0.2270	,0.1740	,0.1560	,0.0920	],	[0.2365	,0.2455	,0.2045	,0.1855	,0.1280	],	[0.1825	,0.2065	,0.2145	,0.1995	,0.1970	],	[0.1365	,0.1790	,0.2205	,0.2170	,0.2470	],	[0.0935	,0.1420	,0.1865	,0.2420	,0.3360	]],
"4"	:[[0.4515	,0.2520	,0.1625	,0.0925	,0.0415	],	[0.2460	,0.2475	,0.2220	,0.1760	,0.1085	],	[0.1485	,0.2245	,0.2255	,0.2185	,0.1830	],	[0.1050	,0.1755	,0.2235	,0.2555	,0.2405	],	[0.0490	,0.1005	,0.1665	,0.2575	,0.4265	]],
"5"	:[[0.4250	,0.2650	,0.1645	,0.1005	,0.0450	],	[0.2505	,0.2550	,0.2260	,0.1720	,0.0965	],	[0.1630	,0.2150	,0.2265	,0.2225	,0.1730	],	[0.1130	,0.1695	,0.2275	,0.2515	,0.2385	],	[0.0485	,0.0955	,0.1555	,0.2535	,0.4470	]],
"6"	:[[0.4370	,0.2485	,0.1805	,0.0930	,0.0410	],	[0.2525	,0.2525	,0.2110	,0.1825	,0.1015	],	[0.1665	,0.2120	,0.2350	,0.2110	,0.1755	],	[0.1030	,0.1805	,0.2125	,0.2500	,0.2540	],	[0.0410	,0.1065	,0.1610	,0.2635	,0.4280	]],
"7"	:[[0.4275	,0.2545	,0.1655	,0.1055	,0.0470	],	[0.2470	,0.2400	,0.2140	,0.1830	,0.1160	],	[0.1695	,0.2345	,0.2325	,0.2005	,0.1630	],	[0.1085	,0.1620	,0.2255	,0.2510	,0.2530	],	[0.0475	,0.1090	,0.1625	,0.2600	,0.4210	]],
"8"	:[[0.4495	,0.2405	,0.1700	,0.0935	,0.0465	],	[0.2465	,0.2585	,0.2220	,0.1710	,0.1020	],	[0.1700	,0.2210	,0.2180	,0.2235	,0.1675	],	[0.0915	,0.1745	,0.2210	,0.2600	,0.2530	],	[0.0425	,0.1055	,0.1690	,0.2520	,0.4310	]],
"9"	:[[0.4175	,0.2525	,0.1870	,0.1045	,0.0385	],	[0.2465	,0.2505	,0.2340	,0.1690	,0.1000	],	[0.1820	,0.2170	,0.2120	,0.2180	,0.1710	],	[0.1045	,0.1790	,0.2090	,0.2505	,0.2570	],	[0.0495	,0.1010	,0.1580	,0.2580	,0.4335	]],
"10"	:[[0.4225	,0.2665	,0.1700	,0.1035	,0.0375	],	[0.2515	,0.2500	,0.2270	,0.1650	,0.1065	],	[0.1825	,0.2185	,0.2105	,0.2275	,0.1610	],	[0.1035	,0.1610	,0.2170	,0.2485	,0.2700	],	[0.0400	,0.1040	,0.1755	,0.2555	,0.4250	]],
"11"	:[[0.4275	,0.2575	,0.1790	,0.0970	,0.0390	],	[0.2500	,0.2550	,0.2175	,0.1720	,0.1055	],	[0.1775	,0.2170	,0.2350	,0.2105	,0.1600	],	[0.1050	,0.1735	,0.2070	,0.2555	,0.2590	],	[0.0400	,0.0970	,0.1615	,0.2650	,0.4365	]],
"12"	:[[0.4335	,0.2570	,0.1560	,0.1085	,0.0450	],	[0.2520	,0.2310	,0.2460	,0.1815	,0.0895	],	[0.1690	,0.2190	,0.2260	,0.2050	,0.1810	],	[0.0975	,0.1830	,0.2190	,0.2515	,0.2490	],	[0.0480	,0.1100	,0.1530	,0.2535	,0.4355	]],
"13"	:[[0.4235	,0.2595	,0.1570	,0.1130	,0.0470	],	[0.2535	,0.2470	,0.2205	,0.1740	,0.1050	],	[0.1680	,0.2150	,0.2390	,0.2075	,0.1705	],	[0.1075	,0.1750	,0.2110	,0.2490	,0.2575	],	[0.0475	,0.1035	,0.1725	,0.2565	,0.4200	]],
"14"	:[[0.4285	,0.2580	,0.1730	,0.1020	,0.0385	],	[0.2525	,0.2515	,0.2165	,0.1665	,0.1130	],	[0.1620	,0.2245	,0.2205	,0.2265	,0.1665	],	[0.1060	,0.1740	,0.2245	,0.2490	,0.2465	],	[0.0510	,0.0920	,0.1655	,0.2560	,0.4355	]],
"15"	:[[0.4440	,0.2430	,0.1775	,0.0955	,0.0400	],	[0.2400	,0.2455	,0.2365	,0.1740	,0.1040	],	[0.1665	,0.2230	,0.2155	,0.2215	,0.1735	],	[0.1035	,0.1700	,0.2145	,0.2635	,0.2485	],	[0.0460	,0.1185	,0.1560	,0.2455	,0.4340	]],
"16"	:[[0.4240	,0.2680	,0.1680	,0.1045	,0.0355	],	[0.2530	,0.2540	,0.2065	,0.1805	,0.1060	],	[0.1640	,0.2130	,0.2330	,0.2095	,0.1805	],	[0.1080	,0.1790	,0.2160	,0.2530	,0.2440	],	[0.0510	,0.0860	,0.1765	,0.2525	,0.4340	]],
"17"	:[[0.4400	,0.2585	,0.1630	,0.1035	,0.0350	],	[0.2420	,0.2370	,0.2270	,0.1810	,0.1130	],	[0.1745	,0.2255	,0.2330	,0.2100	,0.1570	],	[0.1035	,0.1750	,0.2195	,0.2460	,0.2560	],	[0.0400	,0.1040	,0.1575	,0.2595	,0.4390	]],
"18"	:[[0.4365	,0.2535	,0.1755	,0.0950	,0.0395	],	[0.2405	,0.2760	,0.2160	,0.1605	,0.1070	],	[0.1730	,0.1935	,0.2295	,0.2295	,0.1745	],	[0.1120	,0.1745	,0.2125	,0.2565	,0.2445	],	[0.0380	,0.1025	,0.1665	,0.2585	,0.4345	]],
"19"	:[[0.4440	,0.2515	,0.1650	,0.0935	,0.0460	],	[0.2525	,0.2495	,0.2105	,0.1770	,0.1105	],	[0.1530	,0.2140	,0.2450	,0.2235	,0.1645	],	[0.1095	,0.1705	,0.2145	,0.2520	,0.2535	],	[0.0410	,0.1145	,0.1650	,0.2540	,0.4255	]],
"20"	:[[0.4255	,0.2550	,0.1660	,0.1000	,0.0535	],	[0.2545	,0.2370	,0.2155	,0.1890	,0.1040	],	[0.1605	,0.2295	,0.2375	,0.2250	,0.1475	],	[0.1120	,0.1690	,0.2165	,0.2425	,0.2600	],	[0.0475	,0.1095	,0.1645	,0.2435	,0.4350	]],
"21"	:[[0.4420	,0.2675	,0.1545	,0.0925	,0.0435	],	[0.2530	,0.2545	,0.2170	,0.1725	,0.1030	],	[0.1645	,0.2200	,0.2350	,0.2145	,0.1660	],	[0.1045	,0.1600	,0.2225	,0.2565	,0.2565	],	[0.0360	,0.0980	,0.1710	,0.2640	,0.4310	]],
"22"	:[[0.4220	,0.2555	,0.1725	,0.1005	,0.0495	],	[0.2535	,0.2480	,0.2175	,0.1785	,0.1025	],	[0.1675	,0.2215	,0.2415	,0.2090	,0.1605	],	[0.1100	,0.1810	,0.2075	,0.2580	,0.2435	],	[0.0470	,0.0940	,0.1610	,0.2540	,0.4440	]],
"23"	:[[0.4465	,0.2600	,0.1475	,0.0995	,0.0465	],	[0.2425	,0.2475	,0.2285	,0.1750	,0.1065	],	[0.1685	,0.2150	,0.2365	,0.2260	,0.1540	],	[0.0980	,0.1790	,0.2125	,0.2585	,0.2520	],	[0.0445	,0.0985	,0.1750	,0.2410	,0.4410	]],
"24"	:[[0.4485	,0.2520	,0.1555	,0.1010	,0.0430	],	[0.2375	,0.2555	,0.2235	,0.1800	,0.1035	],	[0.1695	,0.2135	,0.2335	,0.2100	,0.1735	],	[0.1010	,0.1780	,0.2230	,0.2560	,0.2420	],	[0.0435	,0.1010	,0.1645	,0.2530	,0.4380	]]
},
"4":	{"2"	:[[0.0555	,0.2575	,0.3605	,0.2700	,0.0565	]],
"3"	:[[0.3365	,0.2490	,0.1845	,0.1335	,0.0965	],	[0.2480	,0.2275	,0.2020	,0.1920	,0.1305	],	[0.1915	,0.2030	,0.2280	,0.1915	,0.1860	],	[0.1345	,0.1870	,0.2000	,0.2305	,0.2480	],	[0.0895	,0.1335	,0.1855	,0.2525	,0.3390	]],
"4"	:[[0.4380	,0.2465	,0.1820	,0.0925	,0.0410	],	[0.2650	,0.2400	,0.2120	,0.1800	,0.1030	],	[0.1465	,0.2385	,0.2340	,0.2165	,0.1645	],	[0.1095	,0.1800	,0.2095	,0.2490	,0.2520	],	[0.0410	,0.0950	,0.1625	,0.2620	,0.4395	]],
"5"	:[[0.4365	,0.2530	,0.1685	,0.1010	,0.0410	],	[0.2345	,0.2565	,0.2130	,0.1870	,0.1090	],	[0.1710	,0.2080	,0.2245	,0.2125	,0.1840	],	[0.1145	,0.1785	,0.2195	,0.2535	,0.2340	],	[0.0435	,0.1040	,0.1745	,0.2460	,0.4320	]],
"6"	:[[0.4445	,0.2470	,0.1715	,0.0955	,0.0415	],	[0.2475	,0.2495	,0.2195	,0.1810	,0.1025	],	[0.1675	,0.2115	,0.2265	,0.2120	,0.1825	],	[0.1040	,0.1875	,0.2095	,0.2450	,0.2540	],	[0.0365	,0.1045	,0.1730	,0.2665	,0.4195	]],
"7"	:[[0.4255	,0.2445	,0.1765	,0.1075	,0.0460	],	[0.2515	,0.2450	,0.2130	,0.1840	,0.1065	],	[0.1775	,0.2100	,0.2255	,0.2090	,0.1780	],	[0.1015	,0.1980	,0.2090	,0.2500	,0.2415	],	[0.0440	,0.1025	,0.1760	,0.2495	,0.4280	]],
"8"	:[[0.4405	,0.2570	,0.1690	,0.0945	,0.0390	],	[0.2615	,0.2375	,0.2115	,0.1850	,0.1045	],	[0.1585	,0.2245	,0.2300	,0.2100	,0.1770	],	[0.0955	,0.1705	,0.2115	,0.2630	,0.2595	],	[0.0440	,0.1105	,0.1780	,0.2475	,0.4200	]],
"9"	:[[0.4130	,0.2560	,0.1790	,0.1065	,0.0455	],	[0.2735	,0.2390	,0.2235	,0.1690	,0.0950	],	[0.1635	,0.2285	,0.2205	,0.2225	,0.1650	],	[0.1025	,0.1870	,0.2010	,0.2480	,0.2615	],	[0.0475	,0.0895	,0.1760	,0.2540	,0.4330	]],
"10"	:[[0.4360	,0.2395	,0.1685	,0.1125	,0.0435	],	[0.2450	,0.2625	,0.2325	,0.1625	,0.0975	],	[0.1685	,0.2085	,0.2290	,0.2180	,0.1760	],	[0.1025	,0.1785	,0.2105	,0.2610	,0.2475	],	[0.0480	,0.1110	,0.1595	,0.2460	,0.4355	]],
"11"	:[[0.4420	,0.2590	,0.1600	,0.0995	,0.0395	],	[0.2615	,0.2445	,0.2275	,0.1640	,0.1025	],	[0.1575	,0.2120	,0.2335	,0.2250	,0.1720	],	[0.0985	,0.1835	,0.2070	,0.2580	,0.2530	],	[0.0405	,0.1010	,0.1720	,0.2535	,0.4330	]],
"12"	:[[0.4310	,0.2520	,0.1680	,0.1065	,0.0425	],	[0.2530	,0.2490	,0.2290	,0.1660	,0.1030	],	[0.1720	,0.2190	,0.2345	,0.2120	,0.1625	],	[0.0960	,0.1735	,0.2230	,0.2570	,0.2505	],	[0.0480	,0.1065	,0.1455	,0.2585	,0.4415	]],
"13"	:[[0.4220	,0.2570	,0.1735	,0.1010	,0.0465	],	[0.2580	,0.2465	,0.2165	,0.1720	,0.1070	],	[0.1680	,0.2045	,0.2180	,0.2270	,0.1825	],	[0.1050	,0.1775	,0.2270	,0.2480	,0.2425	],	[0.0470	,0.1145	,0.1650	,0.2520	,0.4215	]],
"14"	:[[0.4405	,0.2555	,0.1695	,0.0890	,0.0455	],	[0.2560	,0.2515	,0.2150	,0.1750	,0.1025	],	[0.1490	,0.2105	,0.2390	,0.2200	,0.1815	],	[0.1105	,0.1750	,0.2050	,0.2535	,0.2560	],	[0.0440	,0.1075	,0.1715	,0.2625	,0.4145	]],
"15"	:[[0.4425	,0.2490	,0.1565	,0.1105	,0.0415	],	[0.2470	,0.2535	,0.2310	,0.1665	,0.1020	],	[0.1600	,0.2275	,0.2195	,0.2230	,0.1700	],	[0.1070	,0.1735	,0.2175	,0.2475	,0.2545	],	[0.0435	,0.0965	,0.1755	,0.2525	,0.4320	]],
"16"	:[[0.4275	,0.2615	,0.1605	,0.1075	,0.0430	],	[0.2500	,0.2415	,0.2195	,0.1805	,0.1085	],	[0.1685	,0.2330	,0.2235	,0.2110	,0.1640	],	[0.1030	,0.1675	,0.2210	,0.2435	,0.2650	],	[0.0510	,0.0965	,0.1755	,0.2575	,0.4195	]],
"17"	:[[0.4450	,0.2440	,0.1680	,0.1045	,0.0385	],	[0.2485	,0.2565	,0.2115	,0.1710	,0.1125	],	[0.1770	,0.2095	,0.2330	,0.2170	,0.1635	],	[0.0945	,0.1845	,0.2250	,0.2445	,0.2515	],	[0.0350	,0.1055	,0.1625	,0.2630	,0.4340	]],
"18"	:[[0.4180	,0.2505	,0.1815	,0.1030	,0.0470	],	[0.2635	,0.2630	,0.2125	,0.1730	,0.0880	],	[0.1710	,0.1970	,0.2325	,0.2115	,0.1880	],	[0.1090	,0.1835	,0.2050	,0.2540	,0.2485	],	[0.0385	,0.1060	,0.1685	,0.2585	,0.4285	]],
"19"	:[[0.4420	,0.2575	,0.1590	,0.0995	,0.0420	],	[0.2510	,0.2525	,0.2155	,0.1785	,0.1025	],	[0.1575	,0.2260	,0.2200	,0.2200	,0.1765	],	[0.1070	,0.1625	,0.2365	,0.2400	,0.2540	],	[0.0425	,0.1015	,0.1690	,0.2620	,0.4250	]],
"20"	:[[0.4380	,0.2535	,0.1600	,0.0960	,0.0525	],	[0.2545	,0.2580	,0.2110	,0.1695	,0.1070	],	[0.1575	,0.2225	,0.2345	,0.2195	,0.1660	],	[0.0985	,0.1635	,0.2205	,0.2765	,0.2410	],	[0.0515	,0.1025	,0.1740	,0.2385	,0.4335	]],
"21"	:[[0.4335	,0.2565	,0.1705	,0.0945	,0.0450	],	[0.2585	,0.2660	,0.2160	,0.1645	,0.0950	],	[0.1720	,0.2105	,0.2400	,0.2025	,0.1750	],	[0.0925	,0.1720	,0.2155	,0.2590	,0.2610	],	[0.0435	,0.0950	,0.1580	,0.2795	,0.4240	]],
"22"	:[[0.4390	,0.2445	,0.1755	,0.0940	,0.0470	],	[0.2450	,0.2480	,0.2180	,0.1790	,0.1100	],	[0.1640	,0.2210	,0.2235	,0.2340	,0.1575	],	[0.1105	,0.1925	,0.2140	,0.2415	,0.2415	],	[0.0415	,0.0940	,0.1690	,0.2515	,0.4440	]],
"23"	:[[0.4475	,0.2485	,0.1650	,0.0965	,0.0425	],	[0.2505	,0.2455	,0.2220	,0.1785	,0.1035	],	[0.1580	,0.2275	,0.2275	,0.2225	,0.1645	],	[0.1065	,0.1795	,0.2190	,0.2430	,0.2520	],	[0.0375	,0.0990	,0.1665	,0.2595	,0.4375	]],
"24"	:[[0.4420	,0.2465	,0.1660	,0.1055	,0.0400	],	[0.2430	,0.2760	,0.2095	,0.1635	,0.1080	],	[0.1765	,0.2090	,0.2315	,0.2255	,0.1575	],	[0.0955	,0.1690	,0.2230	,0.2505	,0.2620	],	[0.0430	,0.0995	,0.1700	,0.2550	,0.4325	]]
},
"5":	{"2"	:[[0.0460	,0.2640	,0.3715	,0.2695	,0.0490	]],
"3"	:[[0.3355	,0.2460	,0.1900	,0.1400	,0.0885	],	[0.2465	,0.2070	,0.2150	,0.1850	,0.1465	],	[0.1845	,0.2330	,0.1955	,0.2035	,0.1835	],	[0.1420	,0.1815	,0.2105	,0.2320	,0.2340	],	[0.0915	,0.1325	,0.1890	,0.2395	,0.3475	]],
"4"	:[[0.4440	,0.2595	,0.1585	,0.0945	,0.0435	],	[0.2435	,0.2590	,0.2220	,0.1795	,0.0960	],	[0.1610	,0.2145	,0.2275	,0.2265	,0.1705	],	[0.1045	,0.1705	,0.2165	,0.2520	,0.2565	],	[0.0470	,0.0965	,0.1755	,0.2475	,0.4335	]],
"5"	:[[0.4380	,0.2590	,0.1645	,0.0990	,0.0395	],	[0.2485	,0.2495	,0.2155	,0.1780	,0.1085	],	[0.1540	,0.2100	,0.2365	,0.2245	,0.1750	],	[0.1145	,0.1780	,0.2205	,0.2325	,0.2545	],	[0.0450	,0.1035	,0.1630	,0.2660	,0.4225	]],
"6"	:[[0.4295	,0.2545	,0.1630	,0.1065	,0.0465	],	[0.2605	,0.2390	,0.2255	,0.1760	,0.0990	],	[0.1685	,0.2245	,0.2200	,0.2090	,0.1780	],	[0.1010	,0.1710	,0.2135	,0.2605	,0.2540	],	[0.0405	,0.1110	,0.1780	,0.2480	,0.4225	]],
"7"	:[[0.4275	,0.2460	,0.1705	,0.1180	,0.0380	],	[0.2515	,0.2510	,0.2000	,0.1775	,0.1200	],	[0.1795	,0.2070	,0.2320	,0.2245	,0.1570	],	[0.0975	,0.1770	,0.2240	,0.2465	,0.2550	],	[0.0440	,0.1190	,0.1735	,0.2335	,0.4300	]],
"8"	:[[0.4295	,0.2635	,0.1640	,0.1000	,0.0430	],	[0.2640	,0.2420	,0.2175	,0.1725	,0.1040	],	[0.1770	,0.2230	,0.2230	,0.2040	,0.1730	],	[0.0865	,0.1705	,0.2205	,0.2535	,0.2690	],	[0.0430	,0.1010	,0.1750	,0.2700	,0.4110	]],
"9"	:[[0.4165	,0.2615	,0.1715	,0.1085	,0.0420	],	[0.2440	,0.2495	,0.2190	,0.1845	,0.1030	],	[0.1870	,0.2175	,0.2260	,0.2075	,0.1620	],	[0.1055	,0.1715	,0.2195	,0.2415	,0.2620	],	[0.0470	,0.1000	,0.1640	,0.2580	,0.4310	]],
"10"	:[[0.4260	,0.2505	,0.1780	,0.1020	,0.0435	],	[0.2550	,0.2570	,0.2225	,0.1780	,0.0875	],	[0.1730	,0.2340	,0.2015	,0.2175	,0.1740	],	[0.0980	,0.1595	,0.2275	,0.2515	,0.2635	],	[0.0480	,0.0990	,0.1705	,0.2510	,0.4315	]],
"11"	:[[0.4500	,0.2500	,0.1630	,0.0955	,0.0415	],	[0.2525	,0.2555	,0.2125	,0.1820	,0.0975	],	[0.1575	,0.2180	,0.2365	,0.2215	,0.1665	],	[0.0965	,0.1720	,0.2290	,0.2465	,0.2560	],	[0.0435	,0.1045	,0.1590	,0.2545	,0.4385	]],
"12"	:[[0.4220	,0.2545	,0.1730	,0.0995	,0.0510	],	[0.2535	,0.2455	,0.2220	,0.1865	,0.0925	],	[0.1675	,0.2140	,0.2260	,0.2250	,0.1675	],	[0.1075	,0.1850	,0.2185	,0.2400	,0.2490	],	[0.0495	,0.1010	,0.1605	,0.2490	,0.4400	]],
"13"	:[[0.4240	,0.2575	,0.1705	,0.0995	,0.0485	],	[0.2455	,0.2475	,0.2100	,0.1850	,0.1120	],	[0.1730	,0.2175	,0.2450	,0.2065	,0.1580	],	[0.1165	,0.1780	,0.2035	,0.2430	,0.2590	],	[0.0410	,0.0995	,0.1710	,0.2660	,0.4225	]],
"14"	:[[0.4360	,0.2450	,0.1725	,0.1020	,0.0445	],	[0.2540	,0.2525	,0.2135	,0.1645	,0.1155	],	[0.1675	,0.2285	,0.2100	,0.2270	,0.1670	],	[0.1000	,0.1715	,0.2395	,0.2405	,0.2485	],	[0.0425	,0.1025	,0.1645	,0.2660	,0.4245	]],
"15"	:[[0.4215	,0.2480	,0.1715	,0.1110	,0.0480	],	[0.2640	,0.2520	,0.2240	,0.1645	,0.0955	],	[0.1620	,0.2140	,0.2190	,0.2255	,0.1795	],	[0.1065	,0.1800	,0.2195	,0.2595	,0.2345	],	[0.0460	,0.1060	,0.1660	,0.2395	,0.4425	]],
"16"	:[[0.4190	,0.2460	,0.1850	,0.1140	,0.0360	],	[0.2580	,0.2570	,0.2115	,0.1710	,0.1025	],	[0.1660	,0.2285	,0.2180	,0.2170	,0.1705	],	[0.1060	,0.1630	,0.2270	,0.2455	,0.2585	],	[0.0510	,0.1055	,0.1585	,0.2525	,0.4325	]],
"17"	:[[0.4400	,0.2595	,0.1675	,0.0990	,0.0340	],	[0.2465	,0.2510	,0.2205	,0.1815	,0.1005	],	[0.1620	,0.2065	,0.2345	,0.2270	,0.1700	],	[0.1070	,0.1880	,0.2000	,0.2405	,0.2645	],	[0.0445	,0.0950	,0.1775	,0.2520	,0.4310	]],
"18"	:[[0.4285	,0.2705	,0.1575	,0.1065	,0.0370	],	[0.2585	,0.2400	,0.2165	,0.1715	,0.1135	],	[0.1645	,0.2070	,0.2410	,0.2150	,0.1725	],	[0.1050	,0.1735	,0.2130	,0.2545	,0.2540	],	[0.0435	,0.1090	,0.1720	,0.2525	,0.4230	]],
"19"	:[[0.4395	,0.2605	,0.1640	,0.0945	,0.0415	],	[0.2370	,0.2530	,0.2220	,0.1770	,0.1110	],	[0.1820	,0.2095	,0.2225	,0.2270	,0.1590	],	[0.1010	,0.1745	,0.2200	,0.2480	,0.2565	],	[0.0405	,0.1025	,0.1715	,0.2535	,0.4320	]],
"20"	:[[0.4315	,0.2480	,0.1640	,0.1080	,0.0485	],	[0.2405	,0.2475	,0.2205	,0.1805	,0.1110	],	[0.1730	,0.2235	,0.2335	,0.2070	,0.1630	],	[0.1075	,0.1665	,0.2140	,0.2675	,0.2445	],	[0.0475	,0.1145	,0.1680	,0.2370	,0.4330	]],
"21"	:[[0.4495	,0.2535	,0.1645	,0.0935	,0.0390	],	[0.2605	,0.2575	,0.2130	,0.1610	,0.1080	],	[0.1575	,0.2240	,0.2320	,0.2250	,0.1615	],	[0.0925	,0.1725	,0.2230	,0.2555	,0.2565	],	[0.0400	,0.0925	,0.1675	,0.2650	,0.4350	]],
"22"	:[[0.4410	,0.2405	,0.1770	,0.0950	,0.0465	],	[0.2495	,0.2645	,0.2280	,0.1610	,0.0970	],	[0.1585	,0.2160	,0.2225	,0.2295	,0.1735	],	[0.1045	,0.1840	,0.2055	,0.2645	,0.2415	],	[0.0465	,0.0950	,0.1670	,0.2500	,0.4415	]],
"23"	:[[0.4420	,0.2475	,0.1615	,0.1065	,0.0425	],	[0.2480	,0.2535	,0.2345	,0.1730	,0.0910	],	[0.1655	,0.2070	,0.2280	,0.2165	,0.1830	],	[0.1055	,0.1900	,0.2200	,0.2360	,0.2485	],	[0.0390	,0.1020	,0.1560	,0.2680	,0.4350	]],
"24"	:[[0.4290	,0.2565	,0.1640	,0.1005	,0.0500	],	[0.2570	,0.2505	,0.2265	,0.1730	,0.0930	],	[0.1605	,0.2280	,0.2310	,0.2220	,0.1585	],	[0.1075	,0.1630	,0.2240	,0.2535	,0.2520	],	[0.0460	,0.1020	,0.1545	,0.2510	,0.4465	]]
},
"6":	{"2"	:[[0.0530	,0.2705	,0.3610	,0.2625	,0.0530	]],
"3"	:[[0.3555	,0.2370	,0.1825	,0.1365	,0.0885	],	[0.2390	,0.2225	,0.2105	,0.1750	,0.1530	],	[0.1865	,0.2135	,0.2065	,0.2080	,0.1855	],	[0.1345	,0.1850	,0.2115	,0.2395	,0.2295	],	[0.0845	,0.1420	,0.1890	,0.2410	,0.3435	]],
"4"	:[[0.4255	,0.2530	,0.1830	,0.1025	,0.0360	],	[0.2490	,0.2635	,0.2145	,0.1670	,0.1060	],	[0.1665	,0.2075	,0.2210	,0.2245	,0.1805	],	[0.1085	,0.1770	,0.2140	,0.2530	,0.2475	],	[0.0505	,0.0990	,0.1675	,0.2530	,0.4300	]],
"5"	:[[0.4390	,0.2460	,0.1695	,0.1030	,0.0425	],	[0.2485	,0.2505	,0.2200	,0.1770	,0.1040	],	[0.1620	,0.2150	,0.2245	,0.2360	,0.1625	],	[0.1045	,0.1865	,0.2140	,0.2435	,0.2515	],	[0.0460	,0.1020	,0.1720	,0.2405	,0.4395	]],
"6"	:[[0.4265	,0.2570	,0.1710	,0.1025	,0.0430	],	[0.2565	,0.2595	,0.2085	,0.1740	,0.1015	],	[0.1680	,0.2040	,0.2275	,0.2240	,0.1765	],	[0.1100	,0.1685	,0.2170	,0.2405	,0.2640	],	[0.0390	,0.1110	,0.1760	,0.2590	,0.4150	]],
"7"	:[[0.4225	,0.2420	,0.1735	,0.1145	,0.0475	],	[0.2635	,0.2495	,0.2050	,0.1685	,0.1135	],	[0.1590	,0.2255	,0.2125	,0.2270	,0.1760	],	[0.1055	,0.1715	,0.2355	,0.2555	,0.2320	],	[0.0495	,0.1115	,0.1735	,0.2345	,0.4310	]],
"8"	:[[0.4435	,0.2550	,0.1520	,0.1090	,0.0405	],	[0.2570	,0.2500	,0.2270	,0.1645	,0.1015	],	[0.1640	,0.2180	,0.2280	,0.2240	,0.1660	],	[0.1005	,0.1745	,0.2215	,0.2385	,0.2650	],	[0.0350	,0.1025	,0.1715	,0.2640	,0.4270	]],
"9"	:[[0.4165	,0.2710	,0.1735	,0.1020	,0.0370	],	[0.2535	,0.2480	,0.2155	,0.1765	,0.1065	],	[0.1745	,0.2100	,0.2375	,0.2095	,0.1685	],	[0.1105	,0.1705	,0.2170	,0.2445	,0.2575	],	[0.0450	,0.1005	,0.1565	,0.2675	,0.4305	]],
"10"	:[[0.4300	,0.2575	,0.1635	,0.1080	,0.0410	],	[0.2525	,0.2530	,0.2145	,0.1785	,0.1015	],	[0.1705	,0.2195	,0.2255	,0.2195	,0.1650	],	[0.0990	,0.1755	,0.2180	,0.2485	,0.2590	],	[0.0480	,0.0945	,0.1785	,0.2455	,0.4335	]],
"11"	:[[0.4360	,0.2590	,0.1605	,0.1035	,0.0410	],	[0.2530	,0.2535	,0.2210	,0.1735	,0.0990	],	[0.1740	,0.2110	,0.2150	,0.2265	,0.1735	],	[0.0905	,0.1750	,0.2395	,0.2355	,0.2595	],	[0.0465	,0.1015	,0.1640	,0.2610	,0.4270	]],
"12"	:[[0.4340	,0.2565	,0.1515	,0.1150	,0.0430	],	[0.2445	,0.2545	,0.2330	,0.1690	,0.0990	],	[0.1685	,0.2255	,0.2270	,0.2165	,0.1625	],	[0.1120	,0.1645	,0.2145	,0.2460	,0.2630	],	[0.0410	,0.0990	,0.1740	,0.2535	,0.4325	]],
"13"	:[[0.4280	,0.2620	,0.1585	,0.1015	,0.0500	],	[0.2585	,0.2260	,0.2265	,0.1710	,0.1180	],	[0.1670	,0.2140	,0.2240	,0.2265	,0.1685	],	[0.0985	,0.1940	,0.2200	,0.2370	,0.2505	],	[0.0480	,0.1040	,0.1710	,0.2640	,0.4130	]],
"14"	:[[0.4310	,0.2445	,0.1790	,0.1030	,0.0425	],	[0.2555	,0.2595	,0.2130	,0.1680	,0.1040	],	[0.1625	,0.2210	,0.2345	,0.2125	,0.1695	],	[0.1095	,0.1710	,0.2195	,0.2480	,0.2520	],	[0.0415	,0.1040	,0.1540	,0.2685	,0.4320	]],
"15"	:[[0.4260	,0.2505	,0.1705	,0.1080	,0.0450	],	[0.2585	,0.2540	,0.2155	,0.1670	,0.1050	],	[0.1670	,0.2060	,0.2370	,0.2075	,0.1825	],	[0.1025	,0.1830	,0.2075	,0.2655	,0.2415	],	[0.0460	,0.1065	,0.1695	,0.2520	,0.4260	]],
"16"	:[[0.4190	,0.2695	,0.1610	,0.1125	,0.0380	],	[0.2575	,0.2345	,0.2155	,0.1755	,0.1170	],	[0.1815	,0.2225	,0.2320	,0.1995	,0.1645	],	[0.0935	,0.1785	,0.2230	,0.2545	,0.2505	],	[0.0485	,0.0950	,0.1685	,0.2580	,0.4300	]],
"17"	:[[0.4335	,0.2500	,0.1770	,0.0950	,0.0445	],	[0.2490	,0.2555	,0.2260	,0.1720	,0.0975	],	[0.1715	,0.1990	,0.2195	,0.2260	,0.1840	],	[0.1050	,0.1900	,0.2190	,0.2385	,0.2475	],	[0.0410	,0.1055	,0.1585	,0.2685	,0.4265	]],
"18"	:[[0.4415	,0.2510	,0.1620	,0.1080	,0.0375	],	[0.2570	,0.2550	,0.2180	,0.1555	,0.1145	],	[0.1540	,0.2195	,0.2355	,0.2205	,0.1705	],	[0.1070	,0.1695	,0.2155	,0.2460	,0.2620	],	[0.0405	,0.1050	,0.1690	,0.2700	,0.4155	]],
"19"	:[[0.4400	,0.2585	,0.1675	,0.0930	,0.0410	],	[0.2600	,0.2610	,0.1970	,0.1795	,0.1025	],	[0.1535	,0.2065	,0.2350	,0.2235	,0.1815	],	[0.1020	,0.1795	,0.2265	,0.2425	,0.2495	],	[0.0445	,0.0945	,0.1740	,0.2615	,0.4255	]],
"20"	:[[0.4370	,0.2400	,0.1650	,0.1095	,0.0485	],	[0.2555	,0.2370	,0.2195	,0.1845	,0.1035	],	[0.1525	,0.2355	,0.2275	,0.2160	,0.1685	],	[0.1065	,0.1890	,0.2170	,0.2425	,0.2450	],	[0.0485	,0.0985	,0.1710	,0.2475	,0.4345	]],
"21"	:[[0.4375	,0.2620	,0.1550	,0.0950	,0.0505	],	[0.2600	,0.2520	,0.2350	,0.1555	,0.0975	],	[0.1735	,0.2315	,0.2185	,0.2225	,0.1540	],	[0.0890	,0.1605	,0.2345	,0.2635	,0.2525	],	[0.0400	,0.0940	,0.1570	,0.2635	,0.4455	]],
"22"	:[[0.4240	,0.2615	,0.1640	,0.1025	,0.0480	],	[0.2490	,0.2485	,0.2240	,0.1725	,0.1060	],	[0.1765	,0.2235	,0.2125	,0.2290	,0.1585	],	[0.1075	,0.1650	,0.2265	,0.2415	,0.2595	],	[0.0430	,0.1015	,0.1730	,0.2545	,0.4280	]],
"23"	:[[0.4480	,0.2500	,0.1540	,0.0990	,0.0490	],	[0.2425	,0.2555	,0.2155	,0.1760	,0.1105	],	[0.1705	,0.2045	,0.2385	,0.2215	,0.1650	],	[0.0975	,0.1775	,0.2320	,0.2440	,0.2490	],	[0.0415	,0.1125	,0.1600	,0.2595	,0.4265	]],
"24"	:[[0.4270	,0.2560	,0.1730	,0.0990	,0.0450	],	[0.2455	,0.2690	,0.2165	,0.1745	,0.0945	],	[0.1740	,0.2025	,0.2315	,0.2245	,0.1675	],	[0.1035	,0.1805	,0.2145	,0.2375	,0.2640	],	[0.0500	,0.0920	,0.1645	,0.2645	,0.4290	]]
},
"7":	{"2"	:[[0.0610	,0.2555	,0.3720	,0.2600	,0.0515	]],
"3"	:[[0.3520	,0.2420	,0.1665	,0.1470	,0.0925	],	[0.2345	,0.2365	,0.2115	,0.1770	,0.1405	],	[0.1790	,0.1960	,0.2195	,0.2070	,0.1985	],	[0.1475	,0.1915	,0.2085	,0.2190	,0.2335	],	[0.0870	,0.1340	,0.1940	,0.2500	,0.3350	]],
"4"	:[[0.4400	,0.2500	,0.1635	,0.1005	,0.0460	],	[0.2645	,0.2405	,0.2095	,0.1805	,0.1050	],	[0.1575	,0.2320	,0.2330	,0.2120	,0.1655	],	[0.0950	,0.1810	,0.2255	,0.2435	,0.2550	],	[0.0430	,0.0965	,0.1685	,0.2635	,0.4285	]],
"5"	:[[0.4310	,0.2630	,0.1595	,0.1020	,0.0445	],	[0.2470	,0.2550	,0.2155	,0.1740	,0.1085	],	[0.1675	,0.2080	,0.2400	,0.2230	,0.1615	],	[0.1130	,0.1625	,0.2210	,0.2485	,0.2550	],	[0.0415	,0.1115	,0.1640	,0.2525	,0.4305	]],
"6"	:[[0.4250	,0.2590	,0.1640	,0.1040	,0.0480	],	[0.2605	,0.2520	,0.2045	,0.1855	,0.0975	],	[0.1660	,0.2050	,0.2350	,0.2160	,0.1780	],	[0.1065	,0.1800	,0.2250	,0.2440	,0.2445	],	[0.0420	,0.1040	,0.1715	,0.2505	,0.4320	]],
"7"	:[[0.4370	,0.2445	,0.1695	,0.0990	,0.0500	],	[0.2355	,0.2460	,0.2315	,0.1795	,0.1075	],	[0.1710	,0.2055	,0.2345	,0.2225	,0.1665	],	[0.1125	,0.1890	,0.2115	,0.2470	,0.2400	],	[0.0440	,0.1150	,0.1530	,0.2520	,0.4360	]],
"8"	:[[0.4430	,0.2545	,0.1585	,0.0990	,0.0450	],	[0.2585	,0.2520	,0.2060	,0.1835	,0.1000	],	[0.1560	,0.2190	,0.2325	,0.2170	,0.1755	],	[0.1015	,0.1770	,0.2240	,0.2455	,0.2520	],	[0.0410	,0.0975	,0.1790	,0.2550	,0.4275	]],
"9"	:[[0.4230	,0.2485	,0.1895	,0.1015	,0.0375	],	[0.2530	,0.2475	,0.2190	,0.1695	,0.1110	],	[0.1695	,0.2220	,0.2250	,0.2235	,0.1600	],	[0.1045	,0.1795	,0.2000	,0.2570	,0.2590	],	[0.0500	,0.1025	,0.1665	,0.2485	,0.4325	]],
"10"	:[[0.4325	,0.2600	,0.1690	,0.0970	,0.0415	],	[0.2610	,0.2590	,0.2100	,0.1725	,0.0975	],	[0.1640	,0.2015	,0.2430	,0.2280	,0.1635	],	[0.1010	,0.1650	,0.2205	,0.2585	,0.2550	],	[0.0415	,0.1145	,0.1575	,0.2440	,0.4425	]],
"11"	:[[0.4350	,0.2600	,0.1765	,0.0895	,0.0390	],	[0.2545	,0.2460	,0.2040	,0.1820	,0.1135	],	[0.1650	,0.2275	,0.2250	,0.2105	,0.1720	],	[0.1000	,0.1595	,0.2305	,0.2505	,0.2595	],	[0.0455	,0.1070	,0.1640	,0.2675	,0.4160	]],
"12"	:[[0.4350	,0.2620	,0.1665	,0.0970	,0.0395	],	[0.2380	,0.2610	,0.2170	,0.1690	,0.1150	],	[0.1695	,0.2040	,0.2425	,0.2185	,0.1655	],	[0.1115	,0.1740	,0.2250	,0.2560	,0.2335	],	[0.0460	,0.0990	,0.1490	,0.2595	,0.4465	]],
"13"	:[[0.4335	,0.2440	,0.1620	,0.1120	,0.0485	],	[0.2540	,0.2470	,0.2120	,0.1740	,0.1130	],	[0.1640	,0.2130	,0.2265	,0.2135	,0.1830	],	[0.1045	,0.1915	,0.2155	,0.2450	,0.2435	],	[0.0440	,0.1045	,0.1840	,0.2555	,0.4120	]],
"14"	:[[0.4335	,0.2490	,0.1690	,0.1060	,0.0425	],	[0.2470	,0.2630	,0.2155	,0.1635	,0.1110	],	[0.1740	,0.2155	,0.2285	,0.2190	,0.1630	],	[0.1020	,0.1785	,0.2275	,0.2415	,0.2505	],	[0.0435	,0.0940	,0.1595	,0.2700	,0.4330	]],
"15"	:[[0.4315	,0.2435	,0.1775	,0.1015	,0.0460	],	[0.2445	,0.2450	,0.2170	,0.1810	,0.1125	],	[0.1690	,0.2310	,0.2230	,0.2070	,0.1700	],	[0.1035	,0.1740	,0.2105	,0.2590	,0.2530	],	[0.0515	,0.1065	,0.1720	,0.2515	,0.4185	]],
"16"	:[[0.4235	,0.2680	,0.1725	,0.1020	,0.0340	],	[0.2620	,0.2370	,0.2180	,0.1810	,0.1020	],	[0.1595	,0.2120	,0.2220	,0.2380	,0.1685	],	[0.1055	,0.1760	,0.2225	,0.2370	,0.2590	],	[0.0495	,0.1070	,0.1650	,0.2420	,0.4365	]],
"17"	:[[0.4345	,0.2570	,0.1645	,0.1020	,0.0420	],	[0.2650	,0.2395	,0.2210	,0.1740	,0.1005	],	[0.1675	,0.2240	,0.2180	,0.2130	,0.1775	],	[0.0925	,0.1840	,0.2205	,0.2500	,0.2530	],	[0.0405	,0.0955	,0.1760	,0.2610	,0.4270	]],
"18"	:[[0.4345	,0.2500	,0.1785	,0.0970	,0.0400	],	[0.2570	,0.2500	,0.2115	,0.1835	,0.0980	],	[0.1695	,0.2060	,0.2310	,0.2155	,0.1780	],	[0.1015	,0.1745	,0.2140	,0.2460	,0.2640	],	[0.0375	,0.1195	,0.1650	,0.2580	,0.4200	]],
"19"	:[[0.4300	,0.2755	,0.1575	,0.0945	,0.0425	],	[0.2640	,0.2515	,0.2150	,0.1730	,0.0965	],	[0.1565	,0.2205	,0.2145	,0.2210	,0.1875	],	[0.1030	,0.1605	,0.2440	,0.2535	,0.2390	],	[0.0465	,0.0920	,0.1690	,0.2580	,0.4345	]],
"20"	:[[0.4390	,0.2545	,0.1605	,0.0980	,0.0480	],	[0.2430	,0.2475	,0.2250	,0.1770	,0.1075	],	[0.1605	,0.2125	,0.2285	,0.2365	,0.1620	],	[0.1050	,0.1775	,0.2245	,0.2450	,0.2480	],	[0.0525	,0.1080	,0.1615	,0.2435	,0.4345	]],
"21"	:[[0.4420	,0.2560	,0.1570	,0.1005	,0.0445	],	[0.2630	,0.2495	,0.2285	,0.1610	,0.0980	],	[0.1670	,0.2140	,0.2240	,0.2250	,0.1700	],	[0.0850	,0.1875	,0.2225	,0.2515	,0.2535	],	[0.0430	,0.0930	,0.1680	,0.2620	,0.4340	]],
"22"	:[[0.4225	,0.2465	,0.1695	,0.1175	,0.0440	],	[0.2665	,0.2570	,0.2160	,0.1635	,0.0970	],	[0.1670	,0.2255	,0.2285	,0.2000	,0.1790	],	[0.1015	,0.1670	,0.2270	,0.2605	,0.2440	],	[0.0425	,0.1040	,0.1590	,0.2585	,0.4360	]],
"23"	:[[0.4450	,0.2590	,0.1560	,0.0945	,0.0455	],	[0.2475	,0.2560	,0.2165	,0.1765	,0.1035	],	[0.1550	,0.2215	,0.2325	,0.2195	,0.1715	],	[0.1090	,0.1640	,0.2250	,0.2570	,0.2450	],	[0.0435	,0.0995	,0.1700	,0.2525	,0.4345	]],
"24"	:[[0.4365	,0.2475	,0.1685	,0.1040	,0.0435	],	[0.2555	,0.2490	,0.2090	,0.1835	,0.1030	],	[0.1585	,0.2290	,0.2285	,0.2215	,0.1625	],	[0.1045	,0.1700	,0.2315	,0.2430	,0.2510	],	[0.0450	,0.1045	,0.1625	,0.2480	,0.4400	]]
},
"8":	{"2"	:[[0.0575	,0.2605	,0.3670	,0.2535	,0.0615	]],
"3"	:[[0.3485	,0.2330	,0.1775	,0.1470	,0.0940	],	[0.2345	,0.2300	,0.2210	,0.1775	,0.1370	],	[0.1870	,0.2170	,0.2180	,0.1970	,0.1810	],	[0.1395	,0.1870	,0.2040	,0.2295	,0.2400	],	[0.0905	,0.1330	,0.1795	,0.2490	,0.3480	]],
"4"	:[[0.4430	,0.2510	,0.1595	,0.0980	,0.0485	],	[0.2585	,0.2650	,0.2105	,0.1675	,0.0985	],	[0.1520	,0.2225	,0.2260	,0.2260	,0.1735	],	[0.1080	,0.1600	,0.2275	,0.2575	,0.2470	],	[0.0385	,0.1015	,0.1765	,0.2510	,0.4325	]],
"5"	:[[0.4405	,0.2505	,0.1570	,0.1070	,0.0450	],	[0.2530	,0.2555	,0.2180	,0.1645	,0.1090	],	[0.1590	,0.2055	,0.2245	,0.2370	,0.1740	],	[0.1020	,0.1840	,0.2250	,0.2495	,0.2395	],	[0.0455	,0.1045	,0.1755	,0.2420	,0.4325	]],
"6"	:[[0.4525	,0.2460	,0.1605	,0.1055	,0.0355	],	[0.2525	,0.2480	,0.2220	,0.1745	,0.1030	],	[0.1585	,0.2090	,0.2280	,0.2175	,0.1870	],	[0.1015	,0.2010	,0.2150	,0.2375	,0.2450	],	[0.0350	,0.0960	,0.1745	,0.2650	,0.4295	]],
"7"	:[[0.4150	,0.2530	,0.1740	,0.1110	,0.0470	],	[0.2615	,0.2415	,0.2230	,0.1710	,0.1030	],	[0.1750	,0.2060	,0.2235	,0.2230	,0.1725	],	[0.0970	,0.1835	,0.2155	,0.2530	,0.2510	],	[0.0515	,0.1160	,0.1640	,0.2420	,0.4265	]],
"8"	:[[0.4270	,0.2565	,0.1675	,0.1015	,0.0475	],	[0.2720	,0.2455	,0.2015	,0.1800	,0.1010	],	[0.1670	,0.2125	,0.2390	,0.2205	,0.1610	],	[0.0940	,0.1750	,0.2215	,0.2480	,0.2615	],	[0.0400	,0.1105	,0.1705	,0.2500	,0.4290	]],
"9"	:[[0.4255	,0.2480	,0.1755	,0.1040	,0.0470	],	[0.2410	,0.2630	,0.2120	,0.1860	,0.0980	],	[0.1725	,0.2150	,0.2250	,0.2250	,0.1625	],	[0.1185	,0.1700	,0.2255	,0.2405	,0.2455	],	[0.0425	,0.1040	,0.1620	,0.2445	,0.4470	]],
"10"	:[[0.4285	,0.2570	,0.1740	,0.1050	,0.0355	],	[0.2575	,0.2455	,0.2155	,0.1715	,0.1100	],	[0.1590	,0.2220	,0.2185	,0.2265	,0.1740	],	[0.1080	,0.1735	,0.2160	,0.2500	,0.2525	],	[0.0470	,0.1020	,0.1760	,0.2470	,0.4280	]],
"11"	:[[0.4325	,0.2605	,0.1665	,0.0975	,0.0430	],	[0.2620	,0.2585	,0.2115	,0.1770	,0.0910	],	[0.1620	,0.2185	,0.2295	,0.2160	,0.1740	],	[0.1020	,0.1665	,0.2295	,0.2510	,0.2510	],	[0.0415	,0.0960	,0.1630	,0.2585	,0.4410	]],
"12"	:[[0.4340	,0.2515	,0.1685	,0.0970	,0.0490	],	[0.2500	,0.2485	,0.2190	,0.1810	,0.1015	],	[0.1620	,0.2115	,0.2440	,0.2165	,0.1660	],	[0.1110	,0.1885	,0.2065	,0.2550	,0.2390	],	[0.0430	,0.1000	,0.1620	,0.2505	,0.4445	]],
"13"	:[[0.4210	,0.2600	,0.1750	,0.0930	,0.0510	],	[0.2490	,0.2440	,0.2250	,0.1760	,0.1060	],	[0.1810	,0.2020	,0.2255	,0.2120	,0.1795	],	[0.0990	,0.1905	,0.2115	,0.2555	,0.2435	],	[0.0500	,0.1035	,0.1630	,0.2635	,0.4200	]],
"14"	:[[0.4255	,0.2495	,0.1820	,0.1015	,0.0415	],	[0.2600	,0.2560	,0.2110	,0.1640	,0.1090	],	[0.1590	,0.2215	,0.2300	,0.2150	,0.1745	],	[0.1085	,0.1750	,0.2160	,0.2580	,0.2425	],	[0.0470	,0.0980	,0.1610	,0.2615	,0.4325	]],
"15"	:[[0.4270	,0.2700	,0.1525	,0.0995	,0.0510	],	[0.2575	,0.2290	,0.2395	,0.1780	,0.0960	],	[0.1660	,0.2210	,0.2165	,0.2325	,0.1640	],	[0.1080	,0.1785	,0.2105	,0.2415	,0.2615	],	[0.0415	,0.1015	,0.1810	,0.2485	,0.4275	]],
"16"	:[[0.4220	,0.2520	,0.1765	,0.1065	,0.0430	],	[0.2540	,0.2500	,0.2230	,0.1685	,0.1045	],	[0.1785	,0.2230	,0.2175	,0.2075	,0.1735	],	[0.1005	,0.1755	,0.2220	,0.2640	,0.2380	],	[0.0450	,0.0995	,0.1610	,0.2535	,0.4410	]],
"17"	:[[0.4325	,0.2600	,0.1645	,0.1090	,0.0340	],	[0.2560	,0.2510	,0.2170	,0.1845	,0.0915	],	[0.1700	,0.2220	,0.2130	,0.2170	,0.1780	],	[0.0965	,0.1760	,0.2260	,0.2450	,0.2565	],	[0.0450	,0.0910	,0.1795	,0.2445	,0.4400	]],
"18"	:[[0.4430	,0.2545	,0.1670	,0.0965	,0.0390	],	[0.2410	,0.2625	,0.2250	,0.1655	,0.1060	],	[0.1760	,0.2120	,0.2235	,0.2290	,0.1595	],	[0.0970	,0.1695	,0.2065	,0.2545	,0.2725	],	[0.0430	,0.1015	,0.1780	,0.2545	,0.4230	]],
"19"	:[[0.4435	,0.2545	,0.1640	,0.0995	,0.0385	],	[0.2535	,0.2525	,0.2170	,0.1725	,0.1045	],	[0.1630	,0.2200	,0.2240	,0.2205	,0.1725	],	[0.1025	,0.1670	,0.2170	,0.2655	,0.2480	],	[0.0375	,0.1060	,0.1780	,0.2420	,0.4365	]],
"20"	:[[0.4190	,0.2660	,0.1660	,0.0980	,0.0510	],	[0.2540	,0.2455	,0.2220	,0.1720	,0.1065	],	[0.1800	,0.2125	,0.2295	,0.2155	,0.1625	],	[0.0955	,0.1655	,0.2165	,0.2710	,0.2515	],	[0.0515	,0.1105	,0.1660	,0.2435	,0.4285	]],
"21"	:[[0.4415	,0.2580	,0.1520	,0.0985	,0.0500	],	[0.2535	,0.2450	,0.2275	,0.1640	,0.1100	],	[0.1670	,0.2375	,0.2310	,0.2105	,0.1540	],	[0.0950	,0.1740	,0.2210	,0.2550	,0.2550	],	[0.0430	,0.0855	,0.1685	,0.2720	,0.4310	]],
"22"	:[[0.4245	,0.2570	,0.1695	,0.1015	,0.0475	],	[0.2470	,0.2435	,0.2190	,0.1765	,0.1140	],	[0.1790	,0.2355	,0.2260	,0.2080	,0.1515	],	[0.1025	,0.1715	,0.2165	,0.2535	,0.2560	],	[0.0470	,0.0925	,0.1690	,0.2605	,0.4310	]],
"23"	:[[0.4455	,0.2485	,0.1625	,0.0995	,0.0440	],	[0.2455	,0.2515	,0.2240	,0.1695	,0.1095	],	[0.1690	,0.2310	,0.2335	,0.2045	,0.1620	],	[0.0995	,0.1780	,0.2055	,0.2510	,0.2660	],	[0.0405	,0.0910	,0.1745	,0.2755	,0.4185	]],
"24"	:[[0.4335	,0.2495	,0.1620	,0.1100	,0.0450	],	[0.2475	,0.2445	,0.2235	,0.1815	,0.1030	],	[0.1720	,0.2340	,0.2245	,0.2020	,0.1675	],	[0.1085	,0.1735	,0.2145	,0.2600	,0.2435	],	[0.0385	,0.0985	,0.1755	,0.2465	,0.4410	]]
},
"9":	{"2"	:[[0.0575	,0.2490	,0.3735	,0.2690	,0.0510	]],
"3"	:[[0.3470	,0.2475	,0.1695	,0.1460	,0.0900	],	[0.2460	,0.2150	,0.2115	,0.1840	,0.1435	],	[0.1835	,0.2060	,0.2205	,0.2035	,0.1865	],	[0.1490	,0.1755	,0.2205	,0.2270	,0.2280	],	[0.0745	,0.1560	,0.1780	,0.2395	,0.3520	]],
